#
# gridID 1
#
gridtype  = generic
gridsize  = 66065
datatype  = float
xsize     = 365
ysize     = 181
xname     = longitude
yname     = latitude
xvals     = 0 0.25 0.5 0.75 1 270 270.25 270.5 270.75 271 271.25 271.5 271.75 272 
            272.25 272.5 272.75 273 273.25 273.5 273.75 274 274.25 274.5 274.75 275 
            275.25 275.5 275.75 276 276.25 276.5 276.75 277 277.25 277.5 277.75 278 
            278.25 278.5 278.75 279 279.25 279.5 279.75 280 280.25 280.5 280.75 281 
            281.25 281.5 281.75 282 282.25 282.5 282.75 283 283.25 283.5 283.75 284 
            284.25 284.5 284.75 285 285.25 285.5 285.75 286 286.25 286.5 286.75 287 
            287.25 287.5 287.75 288 288.25 288.5 288.75 289 289.25 289.5 289.75 290 
            290.25 290.5 290.75 291 291.25 291.5 291.75 292 292.25 292.5 292.75 293 
            293.25 293.5 293.75 294 294.25 294.5 294.75 295 295.25 295.5 295.75 296 
            296.25 296.5 296.75 297 297.25 297.5 297.75 298 298.25 298.5 298.75 299 
            299.25 299.5 299.75 300 300.25 300.5 300.75 301 301.25 301.5 301.75 302 
            302.25 302.5 302.75 303 303.25 303.5 303.75 304 304.25 304.5 304.75 305 
            305.25 305.5 305.75 306 306.25 306.5 306.75 307 307.25 307.5 307.75 308 
            308.25 308.5 308.75 309 309.25 309.5 309.75 310 310.25 310.5 310.75 311 
            311.25 311.5 311.75 312 312.25 312.5 312.75 313 313.25 313.5 313.75 314 
            314.25 314.5 314.75 315 315.25 315.5 315.75 316 316.25 316.5 316.75 317 
            317.25 317.5 317.75 318 318.25 318.5 318.75 319 319.25 319.5 319.75 320 
            320.25 320.5 320.75 321 321.25 321.5 321.75 322 322.25 322.5 322.75 323 
            323.25 323.5 323.75 324 324.25 324.5 324.75 325 325.25 325.5 325.75 326 
            326.25 326.5 326.75 327 327.25 327.5 327.75 328 328.25 328.5 328.75 329 
            329.25 329.5 329.75 330 330.25 330.5 330.75 331 331.25 331.5 331.75 332 
            332.25 332.5 332.75 333 333.25 333.5 333.75 334 334.25 334.5 334.75 335 
            335.25 335.5 335.75 336 336.25 336.5 336.75 337 337.25 337.5 337.75 338 
            338.25 338.5 338.75 339 339.25 339.5 339.75 340 340.25 340.5 340.75 341 
            341.25 341.5 341.75 342 342.25 342.5 342.75 343 343.25 343.5 343.75 344 
            344.25 344.5 344.75 345 345.25 345.5 345.75 346 346.25 346.5 346.75 347 
            347.25 347.5 347.75 348 348.25 348.5 348.75 349 349.25 349.5 349.75 350 
            350.25 350.5 350.75 351 351.25 351.5 351.75 352 352.25 352.5 352.75 353 
            353.25 353.5 353.75 354 354.25 354.5 354.75 355 355.25 355.5 355.75 356 
            356.25 356.5 356.75 357 357.25 357.5 357.75 358 358.25 358.5 358.75 359 
            359.25 359.5 359.75 
yfirst    = 9
yinc      = 0.25
scanningMode = 64
